5305
858
2663
6305
5735
5715
2556
3804
4897
2649
6065
402
2398
1288
2547
5466
6147
4365
1126
153
6165
1601
3494
2958
132
6312
1346
5045
2602
5515
3949
4725
2448
4453
544
2396
2970
2015
853
4703
5001
5120
4154
4394
532
1264
2039
5524
521
4440
3993
1581
4649
6299
5539
3034
4288
3134
1891
339
3362
4414
648
3888
5977
3756
4044
5731
823
874
2665
2810
1804
3917
3054
4859
2543
2657
5767
4977
3328
5775
3690
5098
490
322
2505
1817
5307
1656
6083
3065
336
3244
3985
5761
3593
5293
3711
3749
5969
4397
866
3529
6315
2030
504
1958
2183
499
2727
5012
5309
6215
5387
3988
4086
4758
5145
2429
4087
1164
5873
4239
5930
273
2123
423
3764
4317
5704
4934
5484
1586
3207
6159
1076
1738
2557
3232
3867
1364
1382
3948
4227
4124
3600
4838
6140
3358
1298
3187
154
594
1633
3230
2122
2202
2353
1550
6350
2841
2957
1534
3835
2421
3955
4660
3623
6139
2688
507
2296
2095
1593
920
2217
2437
3994
2581
5164
3387
990
611
3301
2068
2502
171
1318
5534
747
4480
2601
1061
1907
2798
5582
3469
5523
3014
4730
4598
5018
1083
5308
6272
5033
6401
3249
2465
5020
2959
2501
919
5400
6240
2272
873
709
3211
1502
830
1384
1396
5109
5777
6071
4426
15
2930
3346
4196
2495
4260
1772
671
3983
2051
4804
3359
5706
5941
2823
5759
4606
3022
1612
6340
5898
3723
3133
3135
1010
1368
2422
2730
515
4706
3828
2613
5163
5249
3030
3372
3318
283
1196
5353
1886
1187
1062
1195
3186
3058
5158
2591
3543
5445
4023
1272
4251
5612
3007
4646
187
1598
1380
2725
766
1717
3635
3418
5357
1988
1411
6195
5794
6290
5799
5816
6227
1570
1846
360
471
5526
3295
6005
4753
575
3121
1401
3278
3650
3306
1466
4089
5998
3624
6018
1875
5867
4416
758
5615
4684
4131
969
3821
3414
1096
2692
5316
4437
4562
6282
3439
5833
327
1154
1890
6098
3405
6274
5573
5554
6055
836
3725
5848
190
1497
6431
4238
2141
5829
1726
864
5705
3514
1808
875
5192
4321
4704
1406
1961
5374
2330
6462
5643
5117
1721
107
477
3864
3363
6463
418
527
90
4209
649
228
6296
2587
4958
513
5320
5774
3080
5499
3330
6226
894
2327
3044
3769
2818
1117
5721
3333
246
2042
4631
2893
6342
2082
4324
1448
1174
2895
6470
6234
4757
9
5279
338
4320
3498
6205
1628
268
2759
1223
3958
1786
4245
4352
5294
1998
4874
5227
3304
4887
3704
2722
6037
277
1044
380
2498
4907
2745
665
5503
4803
1355
4620
3531
954
3805
6078
5056
3503
993
3524
2932
1190
2576
1991
3172
5934
3119
4654
4590
730
5457
5126
4740
2118
4652
2236
5575
2198
3142
3271
5822
811
4476
564
5497
5546
1176
5691
2238
1205
2475
5087
1194
2275
1479
4588
5351
4219
115
4410
3293
5845
5306
