5306
859
2664
6306
5736
5716
2557
3805
4898
2650
6066
403
2399
1289
2548
5467
6148
4366
1127
154
6166
1602
3495
2959
133
6313
1347
5046
2603
5516
3950
4726
2449
4454
545
2397
2971
2016
854
4704
5002
5121
4155
4395
533
1265
2040
5525
522
4441
3994
1582
4650
6300
5540
3035
4289
3135
1892
340
3363
4415
649
3889
5978
3757
4045
5732
824
875
2666
2811
1805
3918
3055
4860
2544
2658
5768
4978
3329
5776
3691
5099
491
323
2506
1818
5308
1657
6084
3066
337
3245
3986
5762
3594
5294
3712
3750
5970
4398
867
3530
6316
2031
505
1959
2184
500
2728
5013
5310
6216
5388
3989
4087
4759
5146
2430
4088
1165
5874
4240
5931
274
2124
424
3765
4318
5705
4935
5485
1587
3208
6160
1077
1739
2558
3233
3868
1365
1383
3949
4228
4125
3601
4839
6141
3359
1299
3188
155
595
1634
3231
2123
2203
2354
1551
6351
2842
2958
1535
3836
2422
3956
4661
3624
6140
2689
508
2297
2096
1594
921
2218
2438
3995
2582
5165
3388
991
612
3302
2069
2503
172
1319
5535
748
4481
2602
1062
1908
2799
5583
3470
5524
3015
4731
4599
5019
1084
5309
6273
5034
6402
3250
2466
5021
2960
2502
920
5401
6241
2273
874
710
3212
1503
831
1385
1397
5110
5778
6072
4427
16
2931
3347
4197
2496
4261
1773
672
3984
2052
4805
3360
5707
5942
2824
5760
4607
3023
1613
6341
5899
3724
3134
3136
1011
1369
2423
2731
516
4707
3829
2614
5164
5250
3031
3373
3319
284
1197
5354
1887
1188
1063
1196
3187
3059
5159
2592
3544
5446
4024
1273
4252
5613
3008
4647
188
1599
1381
2726
767
1718
3636
3419
5358
1989
1412
6196
5795
6291
5800
5817
6228
1571
1847
361
472
5527
3296
6006
4754
576
3122
1402
3279
3651
3307
1467
4090
5999
3625
6019
1876
5868
4417
759
5616
4685
4132
970
3822
3415
1097
2693
5317
4438
4563
6283
3440
5834
328
1155
1891
6099
3406
6275
5574
5555
6056
837
3726
5849
191
1498
6432
4239
2142
5830
1727
865
5706
3515
1809
876
5193
4322
4705
1407
1962
5375
2331
6463
5644
5118
1722
108
478
3865
3364
6464
419
528
91
4210
650
229
6297
2588
4959
514
5321
5775
3081
5500
3331
6227
895
2328
3045
3770
2819
1118
5722
3334
247
2043
4632
2894
6343
2083
4325
1449
1175
2896
6471
6235
4758
10
5280
339
4321
3499
6206
1629
269
2760
1224
3959
1787
4246
4353
5295
1999
4875
5228
3305
4888
3705
2723
6038
278
1045
381
2499
4908
2746
666
5504
4804
1356
4621
3532
955
3806
6079
5057
3504
994
3525
2933
1191
2577
1992
3173
5935
3120
4655
4591
731
5458
5127
4741
2119
4653
2237
5576
2199
3143
3272
5823
812
4477
565
5498
5547
1177
5692
2239
1206
2476
5088
1195
2276
1480
4589
5352
4220
116
4411
3294
5846
5307
5622
4270
2941
1721
4682
5119
387
3619
2669
1923
1673
1677
183
2494
4171
5840
3903
6075
4247
3852
3410
6208
4388
6418
4800
4188
1499
4292
1029
359
4550
5026
5945
4747
1614
5973
3176
5066
4383
544
2504
1247
6162
6269
1231
5477
6218
2534
195
2613
3662
5497
2808
4314
6219
4274
2295
512
2238
4074
3507
5412
5763
2692
3716
4282
1693
638
2148
582
3025
6003
6311
3020
3469
5954
6460
4894
3211
3955
3506
1794
1469
3408
6430
197
3472
325
3952
1622
4991
4641
4501
5992
1543
6229
208
2248
6452
2667
3931
4881
6286
1357
5024
1194
606
4733
185
1957
3356
1484
5096
5072
3917
3832
5030
5303
4781
259
6225
3428
2572
148
6000
1071
4545
1906
2169
2670
2126
3606
4315
1803
856
1496
3100
3080
4316
568
1223
771
3323
670
5587
1696
2800
2159
3418
967
1735
2091
4453
6121
3927
6031
2472
5770
659
5353
4728
1331
66
3553
3264
2881
6380
2419
2084
4496
6155
592
3814
1958
4603
2672
1088
1910
5919
3802
554
4866
128
714
1569
1004
1649
6438
5725
5106
2769
111
2141
3357
4542
6012
5737
6312
1750
3172
4711
5696
4976
3985
5105
801
5913
6367
2471
83
2212
1409
4446
3413
6451
561
910
3132
4966
2045
2046
3216
3398
1023
584
1991
2003
3960
853
5946
3006
4918
189
4072
1490
6353
4703
1337
5360
871
642
5017
3520
5602
5643
3228
132
4925
2930
2623
4149
5656
28
6434
558
6374
1748
1616
4330
5170
1595
3576
2653
1189
3196
5967
4527
4473
3078
4593
5620
5814
1069
4997
67
4404
3934
5546
5426
5786
794
4656
1438
4118
1585
4064
228
4855
2235
4718
2008
5925
1310
4456
3795
4069
1198
5440
5131
6146
5480
1952
2919
3585
3982
453
3354
6027
4053
906
2795
1211
5402
5681
1885
2330
2978
4889
4969
3174
3265
2352
1070
5976
2865
3720
4884
4114
6249
107
2030
4080
1796
1689
5959
4262
6376
4302
4767
1815
5685
3344
1421
1948
6230
4752
4306
736
3407
6319
4134
6372
3774
5647
1732
6368
3550
4762
2345
4588
3870
5958
5912
5664
5313
5964
5332
1605
5447
6375
735
1288
3091
6095
3987
4133
2877
5411
4983
1116
2051
1204
4610
1692
3588
1003
6413
5986
3694
1988
611
4084
4095
243
1800
2500
3288
5960
4309
4105
3336
1304
5561
2552
6398
3885
3916
2923
4861
5532
1410
2316
3670
486
65
2088
43
1963
6265
1871
2685
94
4712
4714
21
5268
5386
3509
1845
5962
6094
644
4393
5667
5965
2028
2831
2832
3209
4772
3958
1566
1919
3812
1518
1591
6127
4811
106
5505
1425
651
543
1734
5930
3511
2107
2764
2713
5214
3046
2358
4280
3933
4370
1121
947
1937
2522
632
1039
1853
4684
4904
5756
6168
4147
668
964
4555
4663
2999
3760
6441
398
2776
3072
2426
4665
6173
425
1765
2453
3189
3471
5863
5529
2586
1505
3224
4769
2937
1900
1864
4580
3603
1087
2529
5858
3890
5887
1214
2373
4407
2220
3540
5073
1257
5782
2898
797
1350
3974
1764
4281
1148
2810
2983
5396
738
842
4023
3052
521
3637
3717
3041
1092
1147
5466
2554
479
5197
3383
4538
4047
1115
3021
3028
3037
3744
5350
4929
1269
2678
4025
5125
685
1966
3101
713
3128
3397
2448
457
3149
3518
5409
3699
4138
5424
5577
95
1371
3438
585
314
1676
1031
6322
1762
5904
2122
3618
2197
4204
1435
1986
400
1123
791
1124
3392
5600
5506
5792
891
2778
4484
2256
5630
2246
3179
4284
475
1009
1284
2736
3722
5191
194
591
4664
4229
399
578
2584
795
212
2878
332
2882
1403
3751
3155
4431
5517
3494
4278
827
57
38
3569
5234
4519
851
4548
1082
912
2168
5064
1234
3326
5573
4432
4400
324
5652
2585
3641
4146
349
536
864
1131
4863
2250
3054
6025
2852
2102
5204
1420
110
251
4786
1146
3496
5796
2700
4106
4938
1158
3001
1943
3935
5720
6310
288
4011
5475
2112
2950
1202
5366
39
4961
5068
2639
3217
1967
3771
4868
3732
1694
4756
5253
6220
5548
792
3696
525
4744
4723
4109
6426
3657
1439
3813
900
190
1370
1974
2981
273
3190
6377
3024
3477
6224
3620
464
4187
6475
830
6288
3239
5910
2940
3300
3340
1897
1166
1759
6405
2927
2092
411
1014
5880
3734
5502
1125
1688
3207
1065
1851
1997
2627
5829
1172
3586
762
6207
4354
3914
4338
857
1026
2244
6001
4576
5120
6461
2622
3220
594
4892
5199
4015
256
3537
2593
510
6429
1719
1380
4272
2360
4794
6145
4127
4871
5553
1702
3424
3837
5297
406
1366
291
2508
4397
395
2029
6103
2232
872
804
3773
3593
4931
37
1307
890
192
6333
6021
1044
3642
5233
19
3678
2452
1486
1054
5012
5472
5367
348
5345
5347
3478
2657
4440
4434
1929
4026
5791
484
1306
3777
3762
820
2467
722
206
4253
3729
4583
186
5043
44
31
3801
3047
5438
3454
1828
2019
4859
5901
1829
3032
4042
5333
3227
2206
1057
5262
5923
5419
3818
6350
4604
4738
5649
4312
557
5773
5575
5971
3241
4018
4465
5334
6005
6108
2876
4776
6278
5200
1345
76
1729
3827
4423
1544
1567
5378
2406
6234
4300
262
456
1352
3513
4237
2
5755
99
1280
887
5373
1052
3368
602
4696
4697
5623
5032
3473
2113
4671
3111
3129
4614
5065
608
5166
6181
5355
2157
6089
1772
449
356
428
3254
1547
5323
14
1778
6455
6478
3403
3980
4765
6010
6437
4508
127
2493
179
168
4317
4933
6279
5220
2177
4511
1573
3139
2228
5987
5568
3088
4633
5304
5615
3097
173
3797
3961
3274
2382
5290
385
2309
2600
2662
3864
6336
5518
5103
1361
5113
2515
5955
4256
803
5979
6303
4455
2041
3124
240
1161
4934
1542
4326
938
5484
2793
1824
3053
2514
4211
4420
1309
1990
2081
6366
2065
2221
260
3884
5802
6115
2851
1607
2343
3401
6105
5661
281
3512
4595
5410
4713
2549
3476
1186
1103
995
82
4559
59
1619
1002
1433
2424
5940
3779
3878
1766
907
6474
693
518
3910
749
4067
1758
2108
2539
5809
1516
5474
2598
2569
4052
3198
4921
3672
2847
3449
1670
846
6060
761
3387
4785
809
280
3743
6420
1865
2863
2321
3235
394
5604
4558
4503
2928
2454
6068
169
343
5690
4340
2691
1525
1448
1178
3632
4174
897
501
1918
2451
2288
3391
1836
2885
1406
1975
24
2319
2815
6393
29
30
3242
5539
2540
3567
3713
3905
1293
270
3522
2717
5885
3674
800
2954
3459
1168
4452
5190
1276
5241
1554
4334
5089
4437
1091
5929
114
1565
4896
3422
2301
4369
5742
1064
355
6147
3371
4320
3932
2105
6256
3808
3475
3824
3652
5988
4001
4319
5488
5743
6085
11
17
3752
3891
473
534
732
1479
2660
1596
1636
1819
1872
2070
2507
2483
32
241
242
3547
4070
1184
2626
5991
6424
442
1570
4876
1059
2027
4058
3977
4345
4065
5033
5327
3740
1817
3919
5399
175
819
1068
6289
3372
3764
3441
1282
3290
3146
4036
1324
4267
3151
5281
1724
3819
6132
180
764
3456
4525
267
2140
3452
4410
1691
4743
5924
5077
3658
495
942
4521
4207
5636
6392
1360
3263
684
4775
822
5139
4865
1298
5640
6257
2078
4373
5432
5614
2801
1849
5208
624
1671
2012
4854
5155
745
5744
5984
6030
2589
4629
5648
784
2460
610
2191
5900
1244
840
1513
4757
2210
5709
787
3942
1471
5519
1330
3345
5824
2173
2133
4198
1005
4151
1481
4372
5715
4972
625
4989
4987
4988
4990
4329
5076
2369
6090
1441
2278
3969
1519
3879
5137
5239
5635
3148
4546
3780
2302
2656
2973
1508
3763
4792
4688
3159
868
1576
2727
3602
4396
5625
6284
6301
4419
447
1540
1866
1867
2034
3191
4019
5721
3341
4982
5270
392
2357
1953
1452
3205
613
5820
3411
2303
5878
5761
4919
1632
1909
6326
3617
2581
1883
4444
760
3405
1179
2740
3605
3920
6049
2708
1664
4787
4031
5132
171
2962
4418
556
3761
4630
5098
102
1034
2521
3380
435
3
93
193
2240
2258
596
739
5634
3924
665
3902
6439
652
3592
4450
481
850
3786
5668
5147
2541
3210
1609
1685
4495
2674
4288
4365
4380
6342
4672
5862
4566
2073
1001
6364
3543
981
4169
2125
2770
4040
3127
5514
1912
2879
3607
4474
5797
526
1233
6209
3776
1620
3468
6239
5731
3112
5708
3019
2260
6183
5053
1135
709
35
3382
2625
6102
5404
210
3966
1653
870
3634
5218
852
1134
4710
5679
3492
6290
2893
3733
1741
4694
3117
4078
296
2986
1600
3292
1281
3758
6051
4947
3825
2389
2630
2813
2106
4154
2318
1277
3168
2403
5683
5400
567
6414
5470
6412
5004
3436
3005
4374
1878
2782
2675
3690
5311
1520
2605
5543
5552
1462
3181
5337
1038
2026
6109
4783
570
2465
1018
5436
4830
4104
936
6450
3013
1850
2257
315
13
881
3237
1950
5579
5704
2710
948
909
2698
5247
5403
4557
1187
3098
4049
2884
289
6444
3894
4083
3912
1896
1687
645
1423
5330
2942
1659
4462
860
4010
1802
4150
6427
1663
2304
4637
4638
6135
6176
5603
6190
1229
4802
1392
2338
1831
3425
3426
5154
2441
2542
4887
1527
1100
126
1577
1699
6061
5149
5150
3653
3421
422
599
4760
1220
3483
3521
6123
524
5312
3500
2566
604
1852
4651
917
4110
5115
2093
6033
2987
918
5593
4387
3866
1051
2497
2368
4341
272
5982
1628
1976
6423
3833
4360
4500
2945
4378
1710
3375
6403
6254
1581
217
2247
2645
5351
3531
1152
1643
5839
2162
5686
2637
6445
1132
5989
656
4263
4806
6243
1944
6246
6318
6320
1235
6383
5271
3297
5917
1478
3754
1961
4116
1530
2975
5335
6202
996
397
1993
3546
4029
5689
4223
2356
4245
2545
1814
4953
5670
223
3318
3374
3861
5173
5939
593
2114
2314
2518
3938
6387
1248
2281
4165
4308
4750
1708
4499
5972
3888
4044
3545
4571
2682
2846
6054
2350
4361
2468
6264
3850
999
4502
4504
957
1036
1283
934
1646
2323
3396
3320
3175
915
6307
1128
2665
5356
4102
540
676
1879
4796
1355
1650
3183
1578
3154
3687
4117
4260
3437
3333
333
2773
471
1776
5699
816
807
6128
1697
5003
1422
1744
2492
5227
2848
3695
3821
5599
2074
5107
5439
4381
4899
5739
6050
2921
2834
141
6073
2535
6469
6473
5465
2652
4304
2067
4301
2953
3303
5950
6118
742
1647
2005
4695
2683
3030
5192
3223
2268
342
4
1821
3269
3092
3093
5665
2080
5657
489
3697
5138
5491
2000
3554
448
4970
2329
5758
5362
6271
629
687
5448
6143
2217
3106
5315
4612
5801
3390
6381
5794
5848
3560
2904
5653
4528
429
701
5666
5235
143
345
5151
5578
5453
2462
2463
2464
2854
2855
2011
3011
884
1080
4161
1638
2833
4063
2995
513
6330
2229
2153
5745
1987
2804
2334
507
1733
6032
3671
1144
2655
490
5391
4307
3591
5293
5468
2768
5135
3782
6175
4101
1672
2575
3748
1061
3948
5805
3313
1730
3082
678
2805
1411
459
2659
3568
2280
1268
3962
6281
3693
2390
2707
4000
924
992
3365
723
147
164
184
2089
4075
6293
5844
4824
5081
886
4590
1931
4200
1777
1013
3386
3479
3965
4541
1343
2156
2196
2408
5837
2222
5827
5907
252
2716
6253
4273
4494
3564
3998
4290
4368
4399
4442
4862
5047
5296
5486
5738
6302
6308
547
862
1129
1291
1348
2450
2551
2559
2729
5717
5875
6067
405
523
6174
5806
4727
6156
1156
420
5055
5058
768
555
2505
4092
2762
46
880
5601
2915
2980
2526
1623
2681
829
641
1874
4515
6348
4968
4391
204
3904
2649
4534
5854
775
81
2900
5085
1875
515
1579
5158
5282
5780
5859
5123
6481
6483
6484
6419
89
6083
1994
4924
746
3573
4403
729
4675
779
780
781
6266
326
2830
2745
4202
4841
2583
855
3056
6304
4872
3527
6315
4505
4506
1970
2763
4551
5627
5336
2219
3236
3389
409
80
2120
1947
313
5494
1250
3327
6251
2401
2661
5920
548
1415
5633
4359
5285
1287
3990
2342
5557
976
1927
3050
3708
6167
254
5845
1842
6327
3346
4793
1151
6467
4099
3799
973
2340
4357
688
1382
2171
4853
2090
5618
5702
482
6361
2755
3404
220
754
2378
5611
1046
3271
919
2730
3596
4979
5877
117
506
2185
2615
2724
4004
2383
4093
958
336
6259
3954
5659
6212
6295
2167
129
689
3114
3896
3769
5495
4013
353
426
4422
5342
1109
2296
2427
4681
1185
187
1232
2939
3171
998
989
1245
2183
2458
115
1806
2574
974
1492
3648
5416
199
5009
5658
382
2137
3076
4277
5207
6425
5095
5071
1934
5509
4912
6130
1056
3262
496
5682
6178
64
5112
5232
647
1886
4716
5651
712
2910
1270
5259
4331
156
1133
3549
3104
1297
5035
5153
1258
6129
1873
3071
1487
1630
6358
4702
47
4606
6138
282
2263
5385
3561
3869
365
417
414
415
416
5252
63
4587
888
255
1737
2036
931
4375
4981
3107
4348
2165
2517
4962
5893
1881
2880
4183
3161
6081
2527
5521
5522
5528
1642
1575
3663
1740
1558
1528
1757
232
350
885
1043
1094
2631
4242
4885
5255
5700
3582
2989
4905
5093
6080
6092
3358
2570
5180
1099
239
2160
493
483
5266
5564
3930
2116
2170
2279
3721
3587
152
2814
2948
6440
15
1816
4214
896
1253
2346
3510
3701
5966
6171
3381
3614
3615
790
2266
4061
3036
4882
1545
626
538
1203
3907
5669
502
2796
5407
4447
2794
225
640
1072
1180
1916
5052
5079
5369
3252
2536
1568
58
4458
321
1893
3971
6317
3681
3682
2490
1863
1911
2520
2642
3219
4903
6152
1136
2054
2587
6433
5678
2837
4680
5201
861
118
4413
1332
2913
122
4005
3656
3616
2790
4944
2498
3505
2618
520
6458
3325
2703
4206
2270
2943
5261
485
5629
2200
3366
3448
1984
4363
3293
4674
157
2533
4526
932
933
6384
3157
4268
4812
5041
1942
2286
4648
4834
4958
2433
1838
5740
3785
2482
639
5673
838
3725
1313
6285
5022
4635
5788
4390
4226
50
4160
3350
3943
2634
1705
2901
4678
3083
5870
1822
4996
4347
3184
5680
3367
2400
2553
3439
6334
1572
2327
4402
440
2964
2099
6472
813
5194
3857
1848
5184
318
926
2372
4597
334
3895
1782
1367
4960
5932
4335
2306
1770
1580
4142
5572
2916
3202
3570
5383
231
310
5256
5257
5451
5452
4485
5961
45
1041
4669
1015
4377
3794
4212
1745
3655
1207
2785
1160
1839
2537
2802
3249
4460
4461
3180
4124
1869
3645
4613
5662
6399
1807
5672
2621
3640
5278
4826
5136
5051
3109
2486
1835
3079
4709
2594
6382
86
1237
2591
3069
1053
248
383
4107
5231
431
298
963
2993
566
367
5082
3623
2909
5444
4112
3922
1182
4964
5109
3906
113
614
4248
6008
4205
4332
4928
454
3116
3378
2758
2759
1030
3484
233
4724
3589
6274
4937
2014
6217
1779
2481
1279
4942
4568
1954
1857
2976
5008
2022
4740
4050
6416
923
492
1295
4002
5124
5471
4235
1563
3165
1164
956
1588
971
3909
5243
5025
2480
5427
1472
4244
5288
1534
2926
553
1556
5156
5148
3676
2370
635
4003
4698
3689
2696
4436
1252
4923
631
5117
3759
5711
2632
347
3466
3467
5265
6332
4673
3140
3559
203
3893
1488
4513
580
581
5462
137
1199
2524
5908
1451
4549
5886
5852
4910
3667
3012
5926
2479
2104
396
1142
53
4936
4068
2780
4035
1021
2103
4801
690
4164
5348
2487
6362
2152
793
2094
3680
2932
3992
4433
2412
4949
3084
6453
2333
5476
4874
84
498
5914
4443
2651
3498
138
1736
1868
2213
174
519
1419
4467
5343
5916
2969
914
798
1107
1316
443
2797
4466
6
346
560
3880
3766
1145
1434
3379
6086
5437
698
4043
3226
4755
1404
5067
5031
769
3244
3872
5389
5390
5195
5314
3502
2874
5236
3431
5530
1098
1222
653
3203
5804
4196
703
2556
5171
2781
3312
3881
5111
2208
5060
258
5969
3451
4822
783
930
463
4867
2386
2952
5655
6136
308
1504
5420
257
2226
601
4082
4230
4815
6070
3613
221
302
1797
4858
564
1920
1921
6191
4033
2115
2435
6164
2530
3229
4906
3991
4401
4864
5016
5251
276
2277
23
5283
944
2436
6244
5178
4426
5478
6446
79
209
2187
4660
4529
2413
3141
3859
5507
1325
3095
2704
3284
6457
987
3308
527
4266
4192
201
49
3911
4295
3523
3583
4030
4479
1024
4213
487
3749
3599
3679
4249
5995
4586
2344
3144
1898
2850
4914
965
5536
517
1215
5759
4955
3993
430
1780
3086
1323
3481
3666
4135
4451
4459
5225
5015
3321
3322
2546
3840
3299
3612
2158
6013
6486
6482
6485
814
1655
3533
3534
3899
245
461
1635
5122
2604
6417
1493
4293
5143
4241
744
1101
4654
5503
4297
2409
986
959
6363
285
131
6055
4879
5626
1285
2654
4153
1651
704
1783
331
1225
1464
2044
2457
2620
5584
6116
1465
2376
2004
2381
5591
2339
2908
1855
3609
5084
1405
4553
4492
1308
4057
6134
4676
4677
5277
4749
562
364
4689
5493
6131
1096
3446
410
1358
4623
2048
975
2209
5269
4085
2283
3654
3860
3871
3434
3214
2447
386
5080
2205
3474
4358
806
5182
3976
1399
1400
1980
2720
1321
293
751
1834
3736
4463
2826
617
979
4609
5847
697
6150
421
476
250
4601
2991
2789
5749
1935
2349
5456
2735
6479
1342
4849
2410
446
1468
2951
3445
3193
2636
4745
633
1477
5563
4877
211
213
5828
5408
1933
5048
3847
5479
3370
1437
1731
962
1583
5469
6309
1130
1292
3497
2560
4476
5114
5968
3923
4283
832
968
2166
3455
551
3067
6182
5515
2949
5533
4973
5581
4980
4748
2809
3311
277
5059
56
1074
1686
2271
3065
5915
4930
6397
5175
3638
5544
4789
2049
4522
165
100
3409
5370
1006
1264
3628
2236
3096
4533
4618
1746
6187
3246
6345
4166
5430
2195
1884
5387
3925
4721
1811
6039
4818
2890
1633
778
3941
1163
2996
1444
1971
4430
4191
4336
5254
5415
4809
717
5056
3029
176
977
1302
4344
5860
6226
3947
3491
3376
4355
904
2771
2955
303
2109
1230
2098
4170
5029
2164
1798
2227
3260
3846
4837
1926
2641
5660
6280
5842
297
4113
4468
5237
2292
3314
4333
294
2377
2610
5691
4137
1022
4079
5569
5566
5697
3430
4007
2680
1017
4690
5339
1627
2998
5102
5325
5838
3964
4006
3999
4652
4886
6065
5595
5881
5338
4823
20
41
2418
5944
2688
5589
2234
5882
3741
2353
5037
5040
5042
2459
3248
2272
5818
5766
883
2121
2807
5319
227
2561
5492
370
3767
960
1611
2359
3595
3686
5305
1771
4582
5496
441
2843
2844
2845
3026
5224
6057
1795
922
1658
2017
4890
1240
1902
1559
5169
2599
2783
5831
4337
1781
4091
5605
4778
5292
2580
5746
470
966
1095
2057
3256
3258
3259
3261
4810
6223
2405
655
4774
3234
1666
546
1260
2695
4646
2977
4486
2624
351
2020
2379
2638
4382
5542
6335
5905
6454
6462
6466
6476
3003
5741
5273
4027
1394
5558
6357
5007
3611
2684
6184
4627
1442
4734
3110
3604
5129
707
983
984
985
1162
1537
3778
3016
3022
3027
3033
3867
5179
5433
5435
1254
3957
5183
5909
4339
4693
5372
275
5719
5876
6242
2023
3820
4350
3164
2525
4946
3118
142
2935
3635
737
808
6163
1703
6059
4367
6020
2225
5764
990
2249
455
2079
363
2792
4932
4659
2929
2421
3727
4231
5100
5161
5723
6045
752
3393
3514
290
5075
4615
3221
3488
3668
4077
696
661
5718
4956
2510
1914
5291
5379
5454
6272
3626
2291
3000
5928
5934
6431
4236
5985
4649
3826
5
600
5590
4939
5897
5994
2425
3362
3627
3939
721
1048
1169
2135
2365
1662
73
5906
946
1725
5421
393
1751
1752
3578
4795
2305
36
4414
3286
4203
1846
5344
5371
2431
1586
2251
2972
3295
3555
3849
4158
4159
5392
5395
5473
4518
1763
389
2393
5091
196
1749
1858
843
730
821
2188
3787
3788
123
2871
4215
2961
5501
5005
2965
4992
70
6205
1108
1538
4539
4540
181
5890
6189
4777
1259
279
1111
1681
2326
2892
969
1715
1660
2629
5694
1454
2617
3841
4482
5990
6159
657
5413
3199
3929
1035
5963
1363
3064
4167
6435
5217
2411
4009
6018
1536
1895
1682
4264
1102
6240
2181
2347
3700
839
2528
3892
4108
1560
1940
2838
198
1998
2192
1346
6098
2864
2077
2155
2988
3004
219
3353
5825
4143
4356
750
1139
5663
4346
4764
432
2643
3402
4425
5610
3186
4017
4424
2628
2709
2749
4552
3644
357
3718
6370
2742
3062
6215
68
2966
3133
1862
4021
2917
589
4287
4954
1000
1025
4644
1430
1138
4140
5177
3608
4480
6112
6296
590
1314
2201
2204
2310
2311
4611
2737
5790
2619
5815
358
811
1844
1418
1106
4173
3621
5128
1256
675
622
1266
1825
2032
3416
4636
5162
2298
5541
4708
2798
6394
3301
5733
5735
825
2714
3704
1085
1320
3590
6071
4683
1470
5772
1674
3160
1058
1243
2146
763
362
1436
3192
3558
5864
4920
2924
3335
3464
1047
182
207
847
858
3152
3178
1955
4628
6360
5922
295
4662
2097
6198
5376
619
3714
607
2870
4128
636
848
1339
4605
268
898
2144
4389
1680
3400
4428
3330
4998
3060
4835
4130
3394
2178
2060
2875
2806
6114
5260
1414
5316
166
802
1263
1936
2857
4303
1027
5248
1019
2128
3669
662
6154
1514
2351
4617
2741
1010
2434
3429
1190
4842
2578
5094
2849
5836
953
4385
4386
1143
552
1743
1755
716
1913
5861
5983
6017
535
5145
103
5284
2992
1549
4893
899
724
327
4406
4493
205
2064
5272
6119
6048
4808
9
320
1012
3883
3038
2963
4222
51
5242
5902
753
4313
3908
2938
6415
4922
6120
3306
3863
6009
5606
5607
2754
2985
3002
5777
2671
972
4797
1384
3731
664
3195
5734
6028
6299
1040
4763
1709
4701
2335
5050
3581
2439
5701
1639
2455
4516
4352
5428
3009
1388
5490
4039
6395
627
1341
1105
1608
952
2395
2396
3855
5172
586
3182
4269
5784
4523
6137
1226
757
1238
3775
3963
5996
3737
3057
559
893
2186
2555
6022
1996
5482
6144
6385
4600
810
4732
937
3800
18
1683
1695
3633
961
5276
2997
2385
1333
3089
4041
1593
1457
1507
75
374
376
3417
4120
5142
6232
439
1985
1271
6352
4984
3629
2224
5650
261
2967
5144
5873
6007
3979
1789
2836
4594
1374
5884
4596
5813
2562
5487
1720
5799
2573
5948
6046
2895
1242
3276
3289
1981
144
702
733
4489
951
1717
2038
2461
3283
4720
2907
5206
940
3450
5133
4883
373
4520
6126
1354
5598
1461
5422
5423
2897
4201
1389
5767
1584
4840
3102
1020
4409
5571
6133
6211
6124
4847
3975
4803
125
121
124
5757
4470
5092
5684
1812
5461
5812
579
2174
3145
4564
3597
743
1557
1995
3240
3715
5078
700
5104
2489
5481
5531
465
1823
4592
616
3185
3517
3828
4048
4565
2320
583
3361
451
2367
4305
4828
222
4257
1517
1515
3304
2721
1353
6091
5393
6292
1474
5418
4028
71
2905
5807
2821
3535
5641
5714
5455
5512
1432
1213
3166
4062
4880
2315
2230
2134
3516
5349
1561
401
2075
3707
1541
5188
718
1326
4233
4838
5508
230
3542
1774
3130
2018
97
1645
5550
2190
301
905
3169
4156
5329
4008
6069
427
1446
1621
2840
96
5045
5445
6194
5326
929
1450
6047
4471
549
6386
6389
6391
3900
4574
5196
2484
2442
866
1907
5181
5785
1208
3728
4126
5384
6448
950
2547
573
574
575
6100
5063
134
404
1290
3951
6409
5645
6106
2254
1810
5431
892
2725
3201
4927
1093
5202
935
1443
2816
375
1592
6410
5980
2033
4384
2925
3270
4279
2025
344
450
782
3039
4836
1379
136
92
5596
634
1610
5567
3783
104
699
4178
4497
2673
4598
2694
5898
1159
786
1294
2355
3698
5086
2211
5157
726
2750
2647
2663
6346
4073
6359
6222
776
1832
2445
3010
5951
4189
6236
4490
2886
2887
2889
2888
3281
4608
728
5216
5464
1364
218
6149
673
1378
3131
3280
3630
4780
6125
5783
6192
5258
6096
4071
3755
2300
6277
434
3266
391
4817
2827
2828
2825
5921
4825
2182
436
2974
1037
4926
719
4645
4967
418
3647
5441
6305
5869
799
1889
5062
5405
4190
4299
4123
3584
6407
3816
3538
4850
4851
3243
1140
2063
1546
4735
4488
5275
747
2429
3875
5826
3768
5020
3044
4556
3075
5328
5212
5044
1301
2013
2491
4870
5554
3443
5489
4561
5798
3420
1286
1533
2469
6076
3753
3854
1475
4157
3747
3746
167
2324
3723
1251
2269
4298
1049
5841
5134
2398
4626
6082
2402
1675
6267
879
458
6113
1648
6185
4821
3577
4706
2858
2859
2860
237
1459
725
4096
2761
1905
4038
158
3913
1625
1707
316
317
3598
4469
2903
3831
5871
5748
1652
1784
3162
5397
6170
330
329
4543
2906
3711
4234
2956
4343
1303
6197
954
6347
4878
3355
4394
2550
3556
5222
3061
1859
1860
1861
3108
226
1973
772
3519
4963
1880
1767
621
1901
2738
2856
5267
5896
509
4679
3197
4814
8
5460
788
6104
40
3784
5632
4060
2513
4016
4131
5609
5637
1712
235
384
3709
2936
216
6139
6097
6002
6014
3756
5752
4913
5374
1932
1033
1476
5819
4392
5287
5727
5728
2743
5621
5624
499
170
943
4022
12
878
3574
6396
2853
4667
2488
5698
6004
3103
715
2646
1946
151
6161
1706
3649
214
2739
3253
1742
1521
2474
1870
5769
3834
1553
4730
928
3968
4219
1511
5638
6087
6371
1665
2509
4585
4782
377
3817
4848
2428
2823
2392
3921
3844
5570
5787
845
1391
3121
2862
4265
2085
2267
3848
246
4483
2612
4902
5108
708
3423
1417
660
3480
3485
1804
4857
1753
3435
4616
913
4742
5302
3158
5993
4975
3858
433
6199
945
1032
5938
1837
2024
5642
1704
4507
5808
2047
941
4208
734
2242
3798
6379
691
692
2440
4351
5141
6373
1183
1964
2366
2944
2835
3073
5695
74
1373
796
283
5209
720
5163
3551
1401
2207
4285
6321
2443
6349
438
1060
2902
3153
3873
4856
2420
5676
1
6456
6459
6480
648
2543
2744
2111
2285
2446
4773
6221
2841
3351
6186
2563
2058
4076
4869
5981
5753
352
4986
4258
5947
6390
3562
6250
1377
1668
3444
1081
6449
6040
2175
6436
1637
6406
311
2059
4843
5751
3790
3772
2432
3660
1157
2946
3936
3853
1149
1150
2299
6064
4296
3565
4971
5249
1335
1983
388
1424
4524
4175
4622
1463
1523
3085
4631
2803
3049
1510
1716
6036
988
1241
163
412
3463
3944
3113
159
2015
1322
160
628
873
2150
2718
1317
5856
6238
2130
2417
4737
4985
5872
2979
3432
2374
1641
3839
6468
6298
1679
5167
3572
2053
130
4658
877
2567
2579
6157
6158
4324
4639
4448
4950
3232
48
774
3018
2676
1826
2644
5324
3275
4941
109
4221
5359
3830
5853
5933
569
2984
5594
3138
1201
2332
3349
5014
1754
2252
6117
2262
4172
6034
4642
6477
6443
4491
1526
1205
3204
5226
101
530
4573
4532
2829
3901
5943
6314
3427
1075
2189
5380
6179
1112
3316
3317
3147
3631
3070
408
4046
3622
5592
4873
5229
882
1104
2056
6378
5364
1050
3338
3051
5298
1644
3972
1924
4100
3255
4194
202
1922
6193
654
2899
4193
5511
3282
1246
949
2001
901
902
6261
1274
1275
469
4271
2336
5130
5628
2607
2839
1854
2391
4807
2818
3105
1791
2198
5892
6258
4700
4909
4445
894
4323
6428
1532
2571
4034
2590
3278
6260
4349
5865
6237
2869
149
3324
4799
3781
2407
2701
3215
6329
6331
1539
6203
1393
300
5781
6245
1788
33
4584
5219
5223
6172
5070
4544
1760
6328
2711
3702
5160
1785
5101
2265
4816
5210
5449
1453
5927
646
3528
1603
1604
4686
304
1965
1429
5585
5710
1427
4238
674
844
6282
2968
4310
2444
2066
2275
504
1120
4115
6093
2576
4977
5230
2606
3339
224
238
4560
4562
765
5957
2293
2294
711
5097
5747
1489
1801
407
1351
1894
6169
3877
2648
2143
3399
3119
5726
6323
3730
834
5318
4572
705
5023
4993
4994
4995
2129
5750
3285
61
26
27
587
789
5406
4291
60
623
6356
4832
494
2765
2912
1398
1137
2363
2568
2127
2679
3309
3874
3791
4464
6255
2784
5556
841
1495
1833
3953
1359
5126
3529
2787
2788
2677
3482
3706
773
2037
5821
5822
1601
55
379
266
4907
1531
5977
6058
1903
1431
2404
3566
5450
5654
828
5646
1249
6365
7
1173
1904
4054
6110
3536
3988
925
2006
5851
2062
2290
5835
3886
5245
4089
3251
5883
6338
5793
2478
609
1509
5140
1192
4032
1756
4897
1597
637
6388
3461
603
1416
2947
1315
2388
5889
3315
1723
249
4788
3074
5186
5713
2564
5687
6324
1456
1219
980
3792
3650
4965
2214
4620
2957
1882
2565
1522
2822
4999
5116
4827
1007
4294
5918
4739
5398
6043
5671
371
6344
1114
162
2341
3703
4435
3291
615
2699
6447
680
2179
4421
630
4570
286
1395
6233
3115
4059
34
3600
4640
4487
5937
6325
1524
3048
5457
1329
1827
1960
2375
4510
3575
4056
1917
299
4162
3981
3277
5562
4722
1617
1428
5857
6088
1390
5263
1830
423
4514
1701
4779
2035
1928
1930
3457
5363
1813
4216
5341
3099
145
1055
5240
4768
4376
756
4719
5789
903
911
5565
120
5377
2087
4512
6063
1278
1483
6204
993
3845
3926
2076
1972
1711
1713
2215
135
5442
3803
1221
6111
2132
1217
3077
3126
667
4846
6252
5891
468
368
5765
833
2538
2475
2364
5174
2867
1368
5675
5803
5001
1117
4020
6015
2100
727
5443
6276
5816
532
3058
1122
3156
1344
2145
785
112
5520
5771
1700
6337
4578
3811
4066
4362
5975
2786
740
1016
2774
817
1312
98
3804
681
1227
3414
2289
2751
4915
6287
6247
5855
6188
402
6263
4119
4429
1447
6077
6151
4185
3225
2756
140
5322
2686
4103
4670
818
1181
1761
3815
6465
3337
5238
1336
4891
1340
4176
4177
69
1968
1969
4122
682
1640
2002
2817
5434
3807
1728
3508
4286
319
3194
4820
335
3493
2131
5608
5867
695
4195
5895
1618
3639
4181
4182
4751
4625
1466
3150
5331
2501
3646
54
3458
4798
2516
1458
4643
5974
4051
4227
244
3222
466
4094
4567
5185
5712
1606
4243
2282
3796
5459
1119
3862
5810
706
2531
1949
6037
677
758
2990
90
1372
3200
823
3659
3851
679
6107
5779
3571
2609
4575
1076
1008
542
1083
4725
105
6023
4900
4901
3501
87
1843
5279
354
3310
5198
2747
4180
1209
2284
1548
2611
1176
1110
265
5879
805
3915
2050
4232
5674
5346
643
2722
3125
1239
4121
444
445
1079
3843
2920
1626
4624
4952
4371
6195
2511
77
4097
1170
6214
4771
4770
5027
4569
2495
4449
2640
1501
3042
153
25
3230
437
6262
4186
2274
4224
3170
3683
1747
4408
6210
1218
2715
1334
2767
3563
5187
5168
1327
4129
5911
2595
2596
5006
6078
6470
4845
369
6042
3328
2233
5036
5038
178
908
2994
4746
1669
2039
3486
3342
3007
2470
5724
3580
4657
3524
4327
4139
4687
5523
5526
2982
1426
6122
5361
150
2690
1977
2820
4577
2163
3369
2668
5061
372
2337
3928
6400
3970
2791
88
588
663
3897
3898
2732
4086
5730
2456
4475
755
2010
5483
2873
1078
3673
2223
5729
1376
4666
2706
119
618
2055
2136
5582
3738
3094
215
1338
5300
4250
2325
1654
6213
1396
1482
4729
1856
2866
3267
2082
4163
3665
6355
5936
236
3352
5631
2868
1506
3238
3789
1714
2734
2394
3213
6294
4275
5832
1769
889
4536
2861
322
1678
4081
5213
4974
3946
2021
6180
1455
2371
6422
2437
3692
5894
3996
826
1349
1775
5612
4668
1888
271
5774
2086
264
2007
2752
2161
3735
85
4634
597
671
4911
378
2245
1512
1939
2317
849
4098
5289
2934
3835
4457
2414
3882
4766
2307
6074
4951
460
3377
2777
4691
3384
2241
6041
5365
3610
683
4276
4852
4055
1590
2477
1086
1210
1979
366
5534
2172
1690
5953
6101
4416
5997
2151
5619
1305
474
413
4144
341
1042
2193
139
2384
4145
1555
1440
1502
3063
3539
1500
563
3541
234
2616
5357
3068
2779
4141
5888
2719
5010
452
1698
2259
2387
4509
5274
1216
3745
3548
4311
5074
2147
6165
550
1362
2194
1485
3842
1978
4209
4136
2348
1494
2891
3997
6408
1790
4014
3442
4498
263
1612
5952
4405
4537
2264
815
2766
5811
338
1375
1799
4251
836
2253
488
3206
658
5203
6442
1564
477
6200
6177
669
5090
529
3978
1574
1028
3688
1915
3552
4791
4152
997
4199
1236
1066
605
5560
5394
2110
6011
1941
3412
1808
6029
2633
4472
863
5677
1067
3017
1552
4619
5510
2255
6369
978
2697
1460
1228
3385
6401
2138
4218
5152
4254
5382
3177
4554
531
5264
292
6248
1899
4699
2922
1624
694
3142
1667
1631
3739
686
3123
4761
4717
927
3040
3579
2597
3287
1793
5956
1174
22
6053
1272
3983
741
312
2523
78
3664
1982
5903
2918
3838
390
2362
3273
2687
1386
6201
5083
380
5549
5069
4012
3487
1261
5054
5049
5000
2512
5639
3453
4829
2287
307
5215
3433
3090
3661
462
2753
1090
3087
3557
1318
1768
6339
3684
72
1738
3460
1598
2322
2308
253
2312
2061
1212
5463
5429
6062
2415
4179
3937
5617
3719
3218
1925
2608
3742
2601
177
2009
2202
5754
1193
2702
4957
2635
503
1154
2380
2149
4148
4948
2970
916
1445
2313
5018
3973
4581
2733
3163
3257
4412
5221
2101
3034
6404
777
1792
3395
3348
1141
6354
3876
3043
3643
1951
6270
4037
4943
3887
2775
6231
6024
1562
5301
1328
5588
287
2361
5551
5368
4547
3137
511
3810
5087
3710
4111
5559
766
4813
305
2243
5176
5580
1550
4225
1413
4736
4478
2872
3332
2095
5833
3503
3940
4715
1956
2748
3167
869
1589
6268
4940
5843
3675
5011
3268
571
200
1938
5499
6421
480
5417
2071
2068
3343
2757
2416
2712
146
2261
5866
2883
1262
5941
5513
1311
1656
4579
1200
1491
1171
5998
4917
3967
2519
6016
309
6026
1267
1300
1387
770
6035
4895
5597
6142
1296
541
4530
5299
1820
161
939
3247
2118
3677
982
3685
1473
598
2812
1786
5244
4531
5414
360
539
62
3823
5538
1497
4379
42
1153
2705
2473
3526
1126
4753
3945
5320
497
5205
4833
5211
52
1726
4259
2231
5537
4217
6153
5586
1255
572
1529
4831
5850
1661
3809
1615
3462
4790
1113
2772
4342
5340
537
5693
4535
4328
4255
5381
4168
5688
6340
2180
1877
2154
5286
1945
4916
5545
4819
4844
5703
306
2216
620
2072
3447
1890
2042
2485
1840
2176
5039
5189
1684
1073
1167
3465
4184
4439
6052
3856
4364
5246
5949
2532
6044
3793
5425
4692
2914
467
577
835
1089
1408
1841
2117
2139
2911
3014
3298
3489
3490
4517
4602
4784
4945
5028
6411